012345678901234567890 100 10 3 5461
George 100 11 3 5462
George 100 12 3 5463
George 100 13 3 5464
George 100 14 3 5465
George 100 15 3 5466
Azfar 10 12 2 85
Donavan 10 152 52 585
Azfar2 150 152 25 8515
clovix 150 251 285 6664
iuhlg 1 1 1 1
hkè 1 1 1 1
aaaa 1 1 1 1
zvùsd 1 1 1 1
a 1 1 1 1
dsgsd 1 0 1 1
dx 1 0 1 1
a 1 0 1 1
a 1 0 1 1
a 1 0 1 1
b 1 0 1 1
scas 1015401546 0 1 1
a 1015405354 0 1 1
null 1017564758 0 1 1
null 1025391839 0 1 1
null 1028877608 0 1 1
null 1028888116 0 1 1
a 1028974648 2 1 1
null 1029105568 5 1 1
null 13 0 1 1
No Name 48 3 15 1
No Name 13 0 0 1
No N a     m e 9 0 0 1
No Name 19 1 0 1
